0.0 0.0 0.0
3.0 0.0 0.0
3.0 3.0 0.0
3.0 3.0 1.0
1.0 1.0 0.0
0.0 0.5 0.5
10
5
2.7613117513758567 2.939589421868291 0.8542794948932197
0.934637379188672 0.49403702894656476 0.18170089959505376
1.2019808665707217 2.16499480800808 0.5245642956041223
0.22573109598639007 2.260242509751425 0.30116828575272336
1.471726201652615 1.079376715000194 0.14818957037391556
0.8290331216600606 0.15252110641209526 0.5264515163980477
1.8920158457075757 2.9292836374082896 0.12226019777887842
1.1112250222152937 1.3048570372976478 0.7053590828932954
2.1301270919656545 0.3781269290209792 0.705375994720356
2.2057529826030127 0.7315040603906482 0.18764832466082026
1.6481143113309713 1.2534037848548039 0.24919994675184398
0.4384147740724984 2.4548151347296 0.017400238567361725
2.950901296709729 0.09466319791338407 0.011783033378247154
1.02619652229754 0.8592673214249746 0.6700302555390323
0.9355732702652766 1.1233499514247 0.45210773725597164
