255 299 123
Encode 0 1 1 1 0 1 0 0 1 
Decode 0 1 0 1 0 0 1 0 0 1 1 1 1 0 1 1 0 1 0 0 0 0 1 0 1 1 1 0 1 1 1 1 1 1 0 0 0 1 0 1 0 0 1 0 0 1 0 1 0 0 0 0 1 1 1 1 0 0 1 1 0 0 0 0 1 1 0 1 0 1 1 1 0 0 1 1 0 1 0 0 0 1 1 0 1 0 0 0 1 0 1 1 0 1 0 0 0 1 1 1 0 0 0 1 1 0 0 1 1 1 1 0 0 1 1 0 0 0 0 0 0 1 0 1 0 0 1 1 0 1 1 1 1 1 1 1 0 0 0 1 0 1 1 0 1 0 1 0 1 1 1 1 0 0 1 0 0 1 0 0 1 1 0 1 1 0 1 0 0 0 1 1 1 0 1 1 1 0 0 1 1 1 1 0 0 0 0 0 0 0 0 0 1 1 0 1 0 0 0 0 1 1 1 0 1 0 1 1 1 1 0 1 0 0 1 0 1 0 1 1 1 1 1 0 1 0 0 0 1 0 0 0 0 1 1 0 0 0 1 1 0 0 1 1 1 1 0 1 1 0 0 1 0 0 1 
Encode 0 1 1 0 1 0 1 0 1 
Decode 0 0 1 1 1 0 0 1 0 1 1 1 0 0 1 0 1 0 0 1 0 1 1 1 0 0 0 1 1 0 1 0 1 1 0 1 0 1 0 0 0 0 0 0 0 1 0 1 0 0 0 0 0 0 0 1 1 1 0 0 1 1 0 1 1 0 0 1 0 1 1 0 0 1 0 1 0 1 0 0 0 1 1 0 0 1 1 1 0 1 1 1 1 0 1 0 0 1 0 0 1 0 1 0 1 0 0 1 0 1 0 0 1 0 1 0 0 0 0 1 0 0 0 1 0 0 1 0 0 0 1 1 1 0 1 0 1 1 1 1 1 1 1 0 0 0 0 0 1 0 1 1 0 1 1 1 1 0 0 1 1 0 0 1 1 1 1 1 0 1 0 1 0 1 1 1 1 0 0 1 0 0 1 1 1 1 0 0 0 0 1 1 1 1 0 0 1 1 1 1 0 0 0 0 0 1 1 1 1 1 0 0 1 0 1 0 0 0 1 0 1 1 0 1 0 0 0 0 0 0 0 1 0 0 1 0 1 1 0 1 1 0 1 0 1 0 1 1 1 0 1 0 0 0 1 
Encode 1 0 0 0 0 0 1 0 0 
Decode 0 0 0 1 1 0 1 1 1 1 0 1 0 0 1 0 0 0 1 0 0 0 1 0 0 0 1 1 0 1 0 0 0 0 1 0 1 0 1 0 0 1 1 0 1 0 1 1 0 0 1 0 1 0 0 0 1 1 1 1 1 0 1 1 0 0 1 0 1 1 1 0 0 1 1 1 0 1 1 0 0 0 0 0 1 0 1 1 1 1 1 1 0 1 0 1 0 0 1 1 1 0 0 0 1 0 0 1 1 0 1 1 0 0 1 1 0 0 1 0 1 0 0 1 0 1 1 1 1 0 1 1 1 1 0 1 0 0 0 0 0 1 1 1 1 1 1 1 0 1 1 1 0 1 0 1 0 0 0 0 0 1 1 1 0 0 0 1 1 1 1 1 0 0 1 1 1 1 0 1 0 0 1 0 0 0 1 1 0 0 1 0 1 0 0 0 1 1 0 1 0 1 0 1 1 1 0 1 0 0 0 1 1 0 0 0 1 0 1 1 0 0 0 1 1 1 0 1 0 1 0 1 1 0 0 1 0 1 1 0 1 1 1 1 0 0 0 1 0 0 0 0 1 0 0 
Encode 0 1 0 0 1 1 1 1 1 
Decode 0 1 0 0 1 1 0 0 1 1 0 0 1 0 0 1 0 0 0 1 1 1 1 1 1 1 0 1 1 0 1 1 0 0 0 0 0 0 0 0 0 0 0 0 1 1 1 0 1 0 0 1 1 1 0 1 0 1 1 1 0 0 1 1 0 1 1 1 1 0 1 0 1 0 1 0 1 0 0 1 0 1 0 0 0 0 1 1 1 1 1 1 1 1 0 1 1 1 0 1 1 1 1 1 0 0 0 0 0 0 0 0 0 0 1 0 0 0 1 0 1 0 1 0 0 0 1 0 1 0 1 0 1 1 0 1 0 0 1 0 0 1 1 1 0 0 0 0 0 0 0 0 1 1 0 0 1 0 1 0 1 1 1 0 0 1 1 0 1 0 1 1 0 0 1 0 1 1 1 0 1 1 0 0 1 1 0 0 1 0 0 0 0 1 0 0 1 0 0 0 0 0 1 0 1 0 0 1 1 1 0 0 1 0 1 1 0 1 1 0 0 0 1 0 0 1 0 1 1 0 1 0 0 0 1 0 1 0 1 1 0 1 0 0 0 1 0 1 0 0 1 1 1 1 1 
Encode 1 0 0 0 1 0 0 1 0 
Decode 0 0 0 0 1 0 1 0 0 1 0 0 1 1 1 1 1 1 1 1 0 1 1 1 1 1 1 0 1 0 1 0 0 1 1 1 1 1 1 0 0 0 0 0 0 0 1 0 0 1 1 1 0 0 0 1 0 1 1 0 1 1 1 1 0 0 1 0 0 1 1 1 0 0 1 0 1 1 0 0 1 0 0 1 0 1 1 1 1 1 1 0 1 0 0 1 0 0 0 0 0 0 0 0 1 0 0 1 0 1 0 1 0 1 0 1 1 0 0 0 1 1 1 1 1 0 0 1 1 0 0 0 1 1 0 0 1 1 1 1 0 1 0 0 1 1 1 0 0 1 0 1 0 1 1 0 1 1 0 1 0 1 0 0 1 1 1 1 0 0 0 0 0 1 1 0 1 1 1 0 0 0 0 1 0 1 0 1 1 1 0 1 0 1 1 0 0 1 1 1 0 0 1 1 1 1 0 0 1 0 0 0 0 1 1 0 0 0 1 0 1 1 0 1 0 0 1 1 1 0 1 0 0 0 0 1 0 0 0 1 0 0 0 1 1 0 1 1 0 0 0 1 0 1 0 
